189000
189001
189002
189003
189004
189005
189006
189007
189008
189009
189010
189011
189012
189013
189014
189015
189016
189017
189018
189019
189020
189021
189022
189023
189024
189025
189026
189027
189028
189029
189030
189031
189032
189033
189034
189035
189036
189037
189038
189039
189040
189041
189042
189043
189044
189045
189046
189047
189048
189049
189050
189051
189052
189053
189054
189055
189056
189057
189058
189059
189060
189061
189062
189063
189064
189065
189066
189067
189068
189069
189070
189071
189072
189073
189074
189075
189076
189077
189078
189079
189080
189081
189082
189083
189084
189085
189086
189087
189088
189089
189090
189091
189092
189093
189094
189095
189096
189097
189098
189099
189100
189101
189102
189103
189104
189105
189106
189107
189108
189109
189110
189111
189112
189113
189114
189115
189116
189117
189118
189119
189120
189121
189122
189123
189124
189125
189126
189127
189128
189129
189130
189131
189132
189133
189134
189135
189136
189137
189138
189139
189140
189141
189142
189143
189144
189145
189146
189147
189148
189149
189150
189151
189152
189153
189154
189155
189156
189157
189158
189159
189160
189161
189162
189163
189164
189165
189166
189167
189168
189169
189170
189171
189172
189173
189174
189175
189176
189177
189178
189179
189180
189181
189182
189183
189184
189185
189186
189187
189188
189189
189190
189191
189192
189193
189194
189195
189196
189197
189198
189199
189200
189201
189202
189203
189204
189205
189206
189207
189208
189209
189210
189211
189212
189213
189214
189215
189216
189217
189218
189219
189220
189221
189222
189223
189224
189225
189226
189227
189228
189229
189230
189231
189232
189233
189234
189235
189236
189237
189238
189239
189240
189241
189242
189243
189244
189245
189246
189247
189248
189249
189250
189251
189252
189253
189254
189255
189256
189257
189258
189259
189260
189261
189262
189263
189264
189265
189266
189267
189268
189269
189270
189271
189272
189273
189274
189275
189276
189277
189278
189279
189280
189281
189282
189283
189284
189285
189286
189287
189288
189289
189290
189291
189292
189293
189294
189295
189296
189297
189298
189299
189300
189301
189302
189303
189304
189305
189306
189307
189308
189309
189310
189311
189312
189313
189314
189315
189316
189317
189318
189319
189320
189321
189322
189323
189324
189325
189326
189327
189328
189329
189330
189331
189332
189333
189334
189335
189336
189337
189338
189339
189340
189341
189342
189343
189344
189345
189346
189347
189348
189349
189350
189351
189352
189353
189354
189355
189356
189357
189358
189359
189360
189361
189362
189363
189364
189365
189366
189367
189368
189369
189370
189371
189372
189373
189374
189375
189376
189377
189378
189379
189380
189381
189382
189383
189384
